i=[93.697	3.1	0.8	2.1	0.15	0.047	0.062	0.005	0.009	0.03	1.92	0.1
91.8	2.9	0.6	2.12	0	2.58	0	0	0	0	0	0
92.48	2.87	0.59	2.15	0	1.91	0	0	0	0	0	0
92.85	2.89	0.66	2.03	0	1.57	0	0	0	0	0	0
93.706	3.1	0.8	2.1	0.14	0.059	0.05	0.005	0.01	0.03	0.02	0.12
93.33	2.91	0.63	2.1	0	1.03	0	0	0	0	0	0
92.0377	3.058	0.181	4.025	0	0.017	0.027	0.0403	0	0.614	0	0.025
93.857	3.2	0.92	1.71	0.15	0.064	0.053	0.006	0.01	0.03	1.99	0.1
93.009	3.63	0.42	2.49	0.42	0.01	0.014	0.007	0	0	0.008	0.02
93.068	3.6	0.4	2.45	0.45	0.01	0.014	0.008	0	0	0.004	0.03
94.05	2.85	0.57	2.08	0	0.45	0	0	0	0	0	0
82.08	3	0.28	2.42	0.011	0.03	0.013	0.066	12.1	0	0	0.14
93.816	3.45	0.86	1.55	0.17	0.059	0.05	0.005	0.01	0.03	1.93	0.11
72.415	2.91	12.23	2.15	0	0.07	0.02	0.535	9.67	0	0	0
73.231	2.98	11.31	2.11	0	0.07	0.02	0.539	9.74	0	0	0
93.107	3.54	0.41	2.5	0.41	0.011	0.012	0.01	0	0	0.003	0.02
94.241	3.25	0.95	1.27	0.17	0.047	0.062	0.001	0.006	0.003	1.93	0.01
93.538	3.61	0.2	2.1	0.009	0.022	0.007	0.043	0.47	0.001	0	0.03
93.132	3.54	0.41	2.49	0.4	0.011	0.01	0.007	0	0	0.003	0.02
74.344	2.99	10.17	2.11	0	0.07	0.02	0.536	9.76	0	0	0
94.105	3.45	0.15	2.07	0	0.024	0.008	0.043	0.15	0	0	0.02
86.033	3.25	9	1.3	0.15	0.064	0.053	0.03	0.006	0.114	1.75	0.02
92.81	3.57	0.39	2.48	0.72	0.01	0.014	0.006	0	0	0.008	0.03
93.981	4.04	0.41	1.51	0	0.019	0.004	0.036	0	0	0	0
93.515	3.75	0.15	2.5	0	0.03	0.02	0.035	0	0	0	0
95.069	3	0.1	1.8	0.01	0	0.011	0.01	0	0	0	0
94.5	3.5	0.2	1.8	0	0	0	0	0	0	0	0
75.424	2.93	9.13	2.1	0	0.07	0.02	0.546	9.78	0	0	0
91.869	3.4	0.3	2.6	0.5	0.016	0.015	0	1	0.3	0	0
96.08	3.7	0.2	0	0	0	0.02	0	0	0	0	0
93.523	3.3	0.42	2.62	0	0.029	0.027	0.081	0	0	0	0
93.285	3.62	0.18	2.14	0.02	0.026	0.009	0	0.72	0	0	0.029
58.87	2	0.5	4	0.5	0.08	0.02	0.03	34	0	0	0
93.535	3.6	0.112	2.044	0	0.023	0.03	0.037	0.619	0	0	0
93.396	3.71	0.29	2.53	0.014	0.015	0.045	0	0	0	0	0.028
93.95	3.5	0.25	2.3	0	0	0	0	0	0	0	0
93.465	3.65	0.2	2.6	0	0.03	0.02	0.035	0	0	0	0
93.455	3.65	0.2	2.6	0	0.03	0.02	0.045	0	0	0	0
93.36	3.5	0.5	2.5	0	0.03	0.07	0	0.04	0	0	0
94.5	3.5	0.2	1.8	0	0	0	0	0	0	0	0
94.17	3.46	0.2	2.1	0	0.02	0.02	0.03	0	0	0	0
93.653	3.6	0.114	1.968	0	0.024	0.03	0.039	0.572	0	0	0
93.712	3.78	0.25	2.21	0	0.036	0.012	0	0	0	0	0
93.725	3.8	0.21	2.22	0	0.034	0.011	0	0	0	0	0
95.059	3	0.1	1.8	0.01	0	0.011	0.02	0	0	0	0
91.88	3.55	0	3.27	0.45	0.02	0	0.06	0	0.77	0	0.47
93.766	3.78	0.22	2.19	0	0.032	0.012	0	0	0	0	0
93.711	3.77	0.26	2.21	0	0.037	0.012	0	0	0	0	0
93.765	3.81	0.19	2.19	0	0.033	0.012	0	0	0	0	0
93.574	3.6	0.102	1.976	0	0.021	0.02	0.033	0.674	0	0	0
93.9	3.5	0.3	2.3	0	0	0	0	0	0	0	0
93.374	3.57	0.2	2.74	0	0.05	0.02	0.046	0	0	0	0
93.393	3.63	0.187	2.6	0.11	0.031	0.007	0.042	0	0	0.023	0
93.697	3.83	0.24	2.19	0	0.032	0.011	0	0	0	0	0
94.722	3.04	0.48	1.7	0.013	0.024	0.007	0	0.014	0	0	0
93.64	3.87	0.22	2.22	0	0.035	0.015	0	0	0	0	0
93.64	3.61	0.28	2.36	0	0.04	0.01	0.06	0	0	0	0
93.017	3.61	0.4	2.49	0.45	0.011	0.014	0.008	0	0	0.004	0.03
92.987	3.6	0.204	2.122	0	0.023	0.04	0.046	0.978	0	0	0
92.804	3.58	0.39	2.48	0.71	0.01	0.016	0.01	0	0	0.008	0.03
94.303	3.61	0.2	1.78	0	0.05	0.02	0.037	0	0	0	0
93.869	3.69	0.09	2.1	0	0.001	0.006	0.044	0.18	0.02	0	0
93.743	3.82	0.19	2.2	0	0.034	0.013	0	0	0	0	0
93.48	3.57	0.28	2.37	0	0.04	0.01	0.06	0	0.19	0	0
93.12	3.64	0.3	2.35	0	0.04	0.01	0.06	0.48	0	0	0
93.36	3.64	0.3	2.35	0	0.04	0.01	0.06	0.24	0	0	0
93.6	3.2	0.4	2.8	0	0	0	0	0	0	0	0
93.465	3.65	0.2	2.6	0	0.03	0.02	0.035	0	0	0	0
93.09	3.57	0.28	2.37	0	0.04	0.01	0.06	0	0.58	0	0
93.5	3.2	0.5	2.8	0	0	0	0	0	0	0	0
95.054	3	0.1	1.8	0.01	0	0.011	0.025	0	0	0	0
93.29	3.57	0.28	2.37	0	0.04	0.01	0.06	0	0.38	0	0
93.474	3.65	0.173	2.5	0.12	0.032	0.012	0.039	0	0	0.03	0
92.9	3.64	0.3	2.35	0	0.04	0.01	0.06	0.7	0	0	0
93.52	3.7	0.21	2.45	0.029	0.029	0.009	0.029	0.021	0.003	0	0.027
96.275	0.14	1.7	0.1	0	0.035	0.1	0	1.4	0.25	0	0
93.67	3.65	0.2	2.35	0.03	0.027	0.012	0.038	0.022	0.001	0	0.023
93.1596	3.47	0.13	2.95	0	0.015	0.006	0.0354	0.024	0.21	0	0
93.84	3.6	0.18	2.25	0.028	0.025	0.011	0.041	0.023	0.002	0	0.024
93.985	3.55	0.19	2.15	0.026	0.023	0.009	0.045	0.021	0.001	0	0.021
92.795	3.59	0.39	2.48	0.71	0.011	0.013	0.011	0	0	0.007	0.03
94.137	3.5	0.18	2.05	0.03	0.021	0.01	0.05	0.02	0.002	0	0.024
96.468	2.94	0.28	0.1	0.132	0.021	0.026	0.033	0	0	2.99	0.047
93.939	3.21	0.32	2.28	0.14	0.021	0.023	0.04	0.026	0.001	0.014	0
93.25	3.7	0.2	2.8	0	0	0.02	0.03	0	0	0	0
93.716	3.65	0.159	2.3	0.1	0.028	0.012	0.035	0	0	0.023	0
93.489	3.19	0.18	3.03	0	0.001	0.001	0.039	0.03	0.04	0	0
93.244	3.5664	0.503	2.5926	0.0213	0.0152	0.0108	0.0336	0.0114	0.0017	0.0114	0.0889
93.939	3.21	0.32	2.28	0.14	0.021	0.023	0.04	0.026	0.001	0	0
93.37	3.6	0.28	2.4	0.24	0.04	0.01	0.06	0	0	0	0
93.59	3.66	0.33	2.31	0	0.04	0.01	0.06	0	0	0	0.26
93.311	3.35	0.128	3.11	0.023	0.03	0.009	0.037	0	0.002	0	0
95.988	1.78	0.34	1.8	0	0.05	0.042	0	0	0	0	0
92.938	3.5	0.39	2.6	0	0.042	0.034	0.086	0.22	0.19	0	0
95.513	4.1	0.04	0.277	0.03	0.031	0.004	0	0.005	0	0	0
93.8	3.5	0.4	2.3	0	0	0	0	0	0	0	0
92.865	3.75	0.3	2.6	0.4	0.03	0.02	0.035	0	0	0	0
92.802	3.2	0.18	3.71	0.05	0.01	0.006	0.042	0	0	0	0
93.1	3	0.5	3.4	0	0	0	0	0	0	0	0
93.63	3.5	0.2	2.4	0.2	0.02	0.02	0.03	0	0	0	0
93.097	3.42	0.36	2.5	0.2	0.048	0.032	0.073	0.16	0.11	0	0
92.88	3.7	0.2	3.17	0	0	0.02	0.03	0	0	0	0
93.23	3.4	0.5	2.5	0.3	0.03	0.01	0.03	0	0	0	0
93.034	3.21	0.104	3.55	0.019	0.032	0.012	0.038	0	0.001	0	0
92.533	3.45	0	3.21	0.024	0.019	0.13	0.031	0.013	0.59	0	0
93.6	3.7	0.2	2.45	0	0	0.02	0.03	0	0	0	0
93.43	3.4	0	2.17	0.43	0.02	0	0.04	0	0.51	0	0.23
94.155	2.73	0.28	2.64	0.057	0.021	0.023	0.05	0.043	0.001	0.034	0
93.87	3.7	0.2	2.18	0	0	0.02	0.03	0	0	0	0
94.105	3.45	0.15	2.07	0	0.024	0.008	0.043	0.15	0	0	0.02
93.198	2.96	0.15	3.6	0	0.001	0.001	0.04	0.02	0.03	0	0
93.779	3.6	0.13	2.4	0	0.03	0.011	0.05	0	0	0	0
95.049	3	0.1	1.8	0.01	0	0.011	0.03	0	0	0	0
92.1845	3.216	0.135	3.976	0	0.021	0.027	0.0395	0	0.401	0	0.016
94.127	3.75	0.75	1.3	0	0.04	0.01	0.003	0.02	0	0	0
93.88	3.7	0.2	2.17	0	0	0.02	0.03	0	0	0	0
91.3876	2.86	0.226	5.42	0.032	0.024	0.007	0.0414	0	0.002	0	0
92.42	3.7	0.2	3.63	0	0	0.02	0.03	0	0	0	0
93.0538	2.78	0.105	3.84	0.179	0.001	0.0022	0.039	0	0	0	0
92.586	3.12	0.111	3.91	0.227	0.001	0.002	0.043	0	0	0	0
92.317	3.79	0.11	2.77	0	0.02	0.003	0.03	0.96	0	0	0.03
92.317	3.79	0.11	2.77	0	0.02	0.003	0.03	0.96	0	0	0.03
92.39	3.45	0.35	3.68	0	0.044	0.007	0.079	0	0	0	0
92.6	3.7	0.2	3.45	0	0	0.02	0.03	0	0	0	0
93.84	3.7	0.2	2.21	0	0	0.02	0.03	0	0	0	0
93.50944	3.47	0.272	2.14	0.557	0.0232	0.00846	0	0.0199	0	0	0
93.333	3.62	0.4	2.55	0.017	0.017	0.018	0.03	0.012	0.003	0.015	0.048
92.361	3.32	0.169	4.04	0.062	0.0137	0.0063	0.028	0	0	0	0
91.674	3.21	0.283	4.12	0	0.028	0.021	0.047	0	0.617	0	0.044
93.78	3.7	0.2	2.27	0	0	0.02	0.03	0	0	0	0
92.7856	2.95	0.109	4.05	0.061	0.001	0.0024	0.041	0	0	0	0
91.3954	3.11	0.303	4.48	0	0.031	0.032	0.0446	0	0.604	0	0.084
93.85	3.7	0.2	2.2	0	0	0.02	0.03	0	0	0	0
93.376	3.15	0.418	1.85	0.59	0.061	0.015	0	0.54	0	0	0
92.27	3.2	0	4	0	0	0	0.03	0	0.5	0	0
92.906	2.83	0.18	3.95	0.053	0.027	0.011	0.025	0.018	0	0.02	0
93.4634	3.4599	0.345	2.6302	0.0298	0.0139	0.0147	0.0296	0.0119	0.0016	0.0129	0.0829
93.438	3.53	0.17	2.32	0.19	0.08	0.017	0.035	0	0.22	0	0
92.809	3.19	0.104	3.8	0.016	0.031	0.01	0.039	0	0.001	0	0
92.2944	3.24	0.161	4.15	0.094	0.0136	0.006	0.041	0	0	0	0
92.117	3.31	0.108	3.3	0	0.018	0.011	0.046	1.09	0	0.191	0
96.075	1.72	0.36	1.75	0	0.048	0.047	0	0	0	0	0
92.991	3.377	0.478	2.932	0.04	0.087	0.041	0.035	0.018	0.001	0	0.066
92.894	3.16	0.023	3.8	0	0.026	0.009	0.044	0.044	0	0.006	0
93.2651	3.51	0.527	2.5997	0.0231	0.0177	0.0132	0.0307	0.0115	0.002	0.0119	0.0921
93.544	3.58	0.2	2.08	0.43	0.024	0.042	0	0.1	0	0	0.03
93.201	2.79	0.07	3.8	0.04	0.018	0.011	0.05	0.02	0	0	0.025
93.075	3.57	0.4	2.5	0.41	0.011	0.011	0.023	0	0	0.003	0.03
93.359	3.57	0.4	2.35	0.24	0.03	0.008	0.043	0	0	0	0
92.0287	3.26	0.181	4.22	0.218	0.0443	0.011	0.037	0	0	0	0
93.3995	3.44	0.476	2.16	0.472	0.023	0.0133	0	0.0162	0	0	0
91.041	3.39	0.2	4.5	0.4	0.018	0.011	0.05	0.39	0	0	0.025
95.044	3	0.1	1.8	0.01	0	0.011	0.035	0	0	0	0
91.8788	3.165	0.136	4.12	0	0.021	0.028	0.0392	0	0.612	0	0.024
